psnr:	300 frames (CPU: 0 s) mean: 10.22 stdv: 7.46
0.000
0.000
0.000
0.000
0.000
0.000
0.000
0.000
0.000
0.000
0.000
0.000
0.000
0.000
0.000
0.000
0.000
0.000
0.000
0.000
0.000
0.000
0.000
0.000
0.000
0.000
0.000
0.000
0.000
0.000
0.000
0.000
0.000
0.000
0.000
0.000
0.000
0.000
0.000
0.000
0.000
0.000
0.000
0.000
0.000
0.000
0.000
0.000
0.000
23.534
17.705
24.105
0.000
22.077
17.871
22.480
24.215
19.759
23.078
19.464
22.523
20.268
16.623
15.524
23.684
20.389
16.511
15.367
20.764
18.048
15.871
19.495
20.377
19.983
19.952
17.576
19.220
17.754
17.049
16.276
14.281
15.227
15.554
15.086
15.012
15.434
15.356
15.384
15.033
15.436
15.457
15.508
15.196
14.907
14.117
15.362
15.387
15.515
15.414
15.521
15.202
15.579
15.519
15.639
15.427
15.712
15.656
15.729
15.530
15.792
15.778
15.850
15.659
15.396
15.014
14.617
13.493
14.290
14.452
14.520
14.163
14.521
14.422
14.501
14.225
14.581
14.567
14.643
14.420
14.684
14.641
14.730
14.541
14.773
14.738
14.803
14.638
14.864
14.848
14.927
14.726
14.977
14.966
15.030
14.855
15.081
15.037
15.105
14.968
15.187
15.147
15.251
15.103
15.273
15.198
15.286
15.169
15.368
15.323
15.403
15.290
15.433
15.400
15.466
15.399
15.570
15.461
15.590
15.440
15.632
15.548
15.673
15.568
15.678
15.558
15.667
15.572
15.678
15.561
15.677
15.589
15.678
15.148
15.642
14.459
15.041
14.884
13.417
13.790
13.763
13.483
12.764
13.225
13.267
13.261
13.254
13.344
13.329
13.406
13.173
13.412
13.348
13.417
13.278
13.440
13.395
13.448
13.384
13.531
13.522
13.540
13.427
13.573
13.595
13.610
13.522
13.651
13.650
13.715
13.595
13.555
12.939
13.704
13.687
13.809
13.837
13.793
13.638
13.785
13.825
13.799
13.793
13.810
13.765
13.808
13.763
13.817
13.854
13.838
13.751
13.837
13.889
13.860
13.859
13.867
13.892
13.877
13.866
13.924
13.949
0.000
0.000
0.000
0.000
0.000
0.000
0.000
0.000
0.000
0.000
0.000
0.000
0.000
0.000
0.000
0.000
0.000
0.000
0.000
0.000
0.000
0.000
0.000
0.000
0.000
0.000
0.000
0.000
0.000
0.000
0.000
0.000
0.000
0.000
0.000
0.000
0.000
0.000
0.000
0.000
0.000
0.000
0.000
0.000
0.000
0.000
0.000
0.000
0.000
0.000
