psnr:	300 frames (CPU: 0 s) mean: 6.06 stdv: 7.64
0.000
0.000
0.000
0.000
0.000
0.000
0.000
0.000
0.000
0.000
0.000
0.000
0.000
0.000
0.000
0.000
0.000
0.000
0.000
0.000
0.000
0.000
0.000
0.000
0.000
0.000
0.000
0.000
0.000
0.000
0.000
0.000
0.000
0.000
0.000
0.000
0.000
0.000
0.000
0.000
0.000
0.000
0.000
0.000
0.000
0.000
0.000
0.000
0.000
0.000
0.000
0.000
0.000
0.000
0.000
0.000
0.000
0.000
0.000
0.000
0.000
0.000
0.000
0.000
0.000
0.000
0.000
0.000
0.000
0.000
0.000
0.000
0.000
0.000
0.000
0.000
0.000
0.000
0.000
0.000
0.000
0.000
0.000
0.000
0.000
0.000
0.000
0.000
0.000
0.000
0.000
0.000
0.000
0.000
0.000
0.000
0.000
0.000
0.000
0.000
0.000
0.000
0.000
0.000
0.000
0.000
0.000
0.000
0.000
0.000
0.000
0.000
0.000
0.000
0.000
0.000
0.000
0.000
0.000
0.000
0.000
0.000
0.000
0.000
0.000
0.000
0.000
0.000
0.000
0.000
0.000
0.000
0.000
20.225
16.863
16.052
15.577
15.747
15.743
15.869
15.752
15.924
15.870
15.924
15.832
15.978
15.984
16.038
15.997
16.080
16.087
16.195
16.142
16.265
16.261
16.303
16.288
16.347
16.385
16.442
16.371
16.486
16.488
16.541
16.508
16.612
16.489
16.587
16.592
16.681
16.581
16.712
16.669
16.793
16.722
16.793
16.793
16.862
16.765
16.863
16.835
16.831
16.814
16.876
16.893
16.946
16.914
16.961
16.960
16.927
17.002
17.016
17.045
17.037
17.069
17.100
17.143
17.100
17.115
17.148
16.552
15.912
15.470
14.676
14.962
14.999
15.058
15.049
15.087
15.090
15.092
15.066
14.777
14.531
14.257
13.984
14.106
14.102
14.003
14.085
14.028
13.947
13.806
13.602
13.763
13.822
13.751
13.743
13.803
13.865
13.799
13.829
13.859
13.936
13.878
13.865
13.832
13.769
13.430
13.397
13.464
13.532
13.470
13.466
13.461
13.531
13.502
13.538
13.551
13.564
0.000
0.000
0.000
0.000
0.000
0.000
0.000
0.000
0.000
0.000
0.000
0.000
0.000
0.000
0.000
0.000
0.000
0.000
0.000
0.000
0.000
0.000
0.000
0.000
0.000
0.000
0.000
0.000
0.000
0.000
0.000
0.000
0.000
0.000
0.000
0.000
0.000
0.000
0.000
0.000
0.000
0.000
0.000
0.000
0.000
0.000
0.000
0.000
0.000
0.000
